1000 1 .00012292060000000000
1000 2 .00018734220000000000
1000 3 .00025114940000000000
1000 4 .00028294100000000000
1000 5 .00033847880000000000
1000 6 .00058057660000000000
1000 7 .00043463600000000000
1000 8 .00048615120000000000
1000 9 .00052939680000000000
1000 10 .00065075300000000000
10000 1 .00021483180000000000
10000 2 .00027523020000000000
10000 3 .00115902980000000000
10000 4 .00046693100000000000
10000 5 .00041463360000000000
10000 6 .00130027700000000000
10000 7 .00083831860000000000
10000 8 .00056381460000000000
10000 9 .00066215120000000000
10000 10 .00133424780000000000
100000 1 .00138593040000000000
100000 2 .00129820960000000000
100000 3 .00282566640000000000
100000 4 .00354469580000000000
100000 5 .00134598120000000000
100000 6 .00163998480000000000
100000 7 .00250892200000000000
100000 8 .00204461720000000000
100000 9 .00192091460000000000
100000 10 .00245366340000000000
1000000 1 .01130892320000000000
1000000 2 .01078299040000000000
1000000 3 .00967530800000000000
1000000 4 .01225390380000000000
1000000 5 .01327308360000000000
1000000 6 .01143307320000000000
1000000 7 .01827165180000000000
1000000 8 .01189776920000000000
1000000 9 .01140815400000000000
1000000 10 .01412369440000000000
10000000 1 .10423408540000000000
10000000 2 .09905214180000000000
10000000 3 .10091645700000000000
10000000 4 .09378929420000000000
10000000 5 .09509582900000000000
10000000 6 .09655841760000000000
10000000 7 .10064798760000000000
10000000 8 .09696277060000000000
10000000 9 .09594565800000000000
10000000 10 .10383414620000000000
100000000 1 1.06606632960000000000
100000000 2 .89076879880000000000
100000000 3 .88608295180000000000
100000000 4 .82048159740000000000
100000000 5 .89006870980000000000
100000000 6 .90485779580000000000
100000000 7 .76935113240000000000
100000000 8 .58412686520000000000
100000000 9 .58510296720000000000
100000000 10 .58193558120000000000
1000000000 1 10.01866728740000000000
1000000000 2 5.85982078680000000000
1000000000 3 5.97566595680000000000
1000000000 4 5.10237239620000000000
1000000000 5 5.12816371840000000000
1000000000 6 5.10878153440000000000
1000000000 7 5.10636452320000000000
1000000000 8 5.09372330800000000000
1000000000 9 5.10780057180000000000
1000000000 10 5.10399980960000000000
